algo: ppo
run_id: m8_2025_hs_ppo_seed2024_steps200000
save_dir: models\ppo\m8_2025_hs_ppo_seed2024_steps200000
results_dir: results\ppo\m8_2025_hs_ppo_seed2024_steps200000
total_steps: 200000
final_metrics:
  total_return: -0.7032000000000151
  final_equity: 2967.9999999998495
  mean_daily_return: -0.017580000000000377
  sharpe_ratio: -8.042715815587055
  sortino_ratio: -7.929621806864108
  max_drawdown_pct: -0.7064002374122211
  n_trades: 405
  win_rate: 0.26356589147286824
  avg_pnl_per_trade: -27.255813953488953
  total_transaction_cost: 5094.0
  exposure_time: 0.995625
best_metrics:
  total_return: 0.22820000000000654
  final_equity: 12282.000000000065
  mean_daily_return: 0.0057050000000001665
  sharpe_ratio: 2.8843332619799256
  sortino_ratio: 4.703913687720425
  max_drawdown_pct: -0.08888679866434517
  n_trades: 112
  win_rate: 0.4745762711864407
  avg_pnl_per_trade: 38.677966101696065
  total_transaction_cost: 1165.0
  exposure_time: 0.9983630952380952
wall_time_s: 662.8015897274017
